-1 -0.158529 0.459754 0.459698 5.62797e-05
-0.95 -0.136584 0.418378 0.418317 6.05901e-05
-0.9 -0.116673 0.378455 0.37839 6.4749e-05
-0.85 -0.0987196 0.340086 0.340017 6.87461e-05
-0.8 -0.0826439 0.303366 0.303293 7.25713e-05
-0.75 -0.0683612 0.268387 0.268311 7.62152e-05
-0.7 -0.0557823 0.235237 0.235158 7.96686e-05
-0.65 -0.0448136 0.203999 0.203916 8.29228e-05
-0.6 -0.0353575 0.17475 0.174664 8.59698e-05
-0.55 -0.0273128 0.147564 0.147475 8.88019e-05
-0.5 -0.0205745 0.122509 0.122417 9.1412e-05
-0.45 -0.0150345 0.0996467 0.0995529 9.37936e-05
-0.4 -0.0105817 0.0790349 0.078939 9.59409e-05
-0.35 -0.00710219 0.0607251 0.0606273 9.78483e-05
-0.3 -0.00447979 0.044763 0.0446635 9.95111e-05
-0.25 -0.00259604 0.0311885 0.0310876 0.000100925
-0.2 -0.00133067 0.0200355 0.0199334 0.000102087
-0.15 -0.000561868 0.0113319 0.0112289 0.000102994
-0.1 -0.000166583 0.00509948 0.00499583 0.000103643
-0.05 -2.08307e-05 0.00135377 0.00124974 0.000104033
-1.9984e-15 0 0.000104163 0 0.000104163
0.05 2.08307e-05 0.00135377 0.00124974 0.000104033
0.1 0.000166583 0.00509948 0.00499583 0.000103643
0.15 0.000561868 0.0113319 0.0112289 0.000102994
0.2 0.00133067 0.0200355 0.0199334 0.000102087
0.25 0.00259604 0.0311885 0.0310876 0.000100925
0.3 0.00447979 0.044763 0.0446635 9.95111e-05
0.35 0.00710219 0.0607251 0.0606273 9.78483e-05
0.4 0.0105817 0.0790349 0.078939 9.59409e-05
0.45 0.0150345 0.0996467 0.0995529 9.37936e-05
0.5 0.0205745 0.122509 0.122417 9.1412e-05
0.55 0.0273128 0.147564 0.147475 8.88019e-05
0.6 0.0353575 0.17475 0.174664 8.59698e-05
0.65 0.0448136 0.203999 0.203916 8.29228e-05
0.7 0.0557823 0.235237 0.235158 7.96686e-05
0.75 0.0683612 0.268387 0.268311 7.62152e-05
0.8 0.0826439 0.303366 0.303293 7.25713e-05
0.85 0.0987196 0.340086 0.340017 6.87461e-05
0.9 0.116673 0.378455 0.37839 6.4749e-05
0.95 0.136584 0.418378 0.418317 6.05901e-05
1 0.158529 0.459754 0.459698 5.62797e-05
